function [color] = setColors()

color = [0 114 189; ... % blue
    20 71 105;  ...     % dk blue
    161 0 31;   ...     % red
    217 83 25;  ...     % orange
    126 47 172; ...     % ppl
    94 151 17;  ...     % gn
    237 177 32]./256;   % yl

end
